0 0 1 0 44.1230 0.0000
5 0 0 1 100.0130 0.0000
4 0 1 1 3318.8530 0.0000
5 0 0 1 1033.0690 0.0000
5 0 1 1 301.8630 0.0000
4 0 1 0 26.9940 0.0000
4 0 1 1 154.8140 0.0000
4 1 0 0 70.2320 0.1250
4 0 1 0 38.0320 0.0000
5 1 0 0 35.0400 0.1669
5 0 0 1 1316.6670 0.0000
5 1 0 0 28.2910 0.2067
5 1 0 0 59.5850 0.1250
5 1 0 0 20.8740 0.2500
5 0 1 0 0.0000 0.0000
5 1 0 0 27.1600 0.2153
5 1 0 0 18.1960 0.2500
5 1 0 0 20.2960 0.2500
5 1 0 0 18.4380 0.2500
4 0 1 0 12.0500 0.0000
4 1 0 0 25.5570 0.2321
4 0 1 0 13.4850 0.0000
4 0 1 0 13.3460 0.0000
4 0 1 0 10.7400 0.0000
4 0 1 0 29.8940 0.0000
4 1 0 0 45.9460 0.1291
4 1 0 0 24.2240 0.2449
4 0 1 0 13.5520 0.0000
4 1 0 0 29.5260 0.2009
4 1 0 0 26.9420 0.2202
4 0 1 0 12.4630 0.0000
4 1 0 0 29.4860 0.2012
4 1 0 0 36.3540 0.1632
4 0 1 0 19.4290 0.0000
4 1 0 0 38.4020 0.1545
4 0 1 0 18.7770 0.0000
4 1 0 0 28.3400 0.2093
4 1 0 0 22.6280 0.2500
4 1 0 0 12.8380 0.2500
4 1 0 0 13.6260 0.2500
4 1 0 0 13.0390 0.2500
4 0 1 0 9.3730 0.0000
4 1 0 0 14.0020 0.2500
4 1 0 0 17.6570 0.2500
4 0 1 0 10.4270 0.0000
4 0 1 0 13.0050 0.0000
4 1 0 0 14.8300 0.2500
4 0 1 0 10.5310 0.0000
4 0 1 0 10.7720 0.0000
4 0 1 0 11.0210 0.0000
4 0 1 0 11.4330 0.0000
4 0 0 1 100.0600 0.0000
4 0 1 0 63.6200 0.0000
4 0 1 0 25.6630 0.0000
4 1 0 0 14.0410 0.2500
4 1 0 0 13.5520 0.2500
4 0 1 0 19.2720 0.0000
4 0 1 0 15.3090 0.0000
4 1 0 0 16.4430 0.2500
4 1 0 0 17.7600 0.2500
4 1 0 0 13.0410 0.2500
5 1 0 0 16.2540 0.2500
5 1 0 0 12.4110 0.2500
4 0 1 0 8.2060 0.0000
4 0 1 0 9.4430 0.0000
4 0 1 0 8.8130 0.0000
4 0 1 0 9.8750 0.0000
4 1 0 0 15.3080 0.2500
4 1 0 0 15.1060 0.2500
4 0 1 0 13.7760 0.0000
4 1 0 0 14.3330 0.2500
4 1 0 0 14.7560 0.2500
4 0 1 0 7.8900 0.0000
4 0 1 0 7.9630 0.0000
4 0 1 0 7.9590 0.0000
4 0 1 0 8.2870 0.0000
4 0 1 0 33.6800 0.0000
4 0 1 0 16.9220 0.0000
4 1 0 0 18.1040 0.2500
4 0 1 0 7.3860 0.0000
4 0 1 0 15.7290 0.0000
4 0 1 0 8.2210 0.0000
4 0 1 0 7.7630 0.0000
4 1 0 0 21.4170 0.2500
4 1 0 0 18.7030 0.2500
4 1 0 0 31.1500 0.1904
4 1 0 0 19.0850 0.2500
4 0 1 0 11.0080 0.0000
4 0 1 0 8.4990 0.0000
4 0 1 0 8.8120 0.0000
4 1 0 0 12.9750 0.2500
4 0 1 0 8.8300 0.0000
4 0 1 0 9.8720 0.0000
4 0 1 0 13.4250 0.0000
4 0 1 0 21.8260 0.0000
4 1 0 0 23.4640 0.2500
4 0 1 0 28.9660 0.0000
4 0 1 0 13.7020 0.0000
4 1 0 0 15.5980 0.2500
4 1 0 0 13.6410 0.2500
4 1 0 0 13.5750 0.2500
5 1 0 0 15.1020 0.2500
0 1 0 0 13.6820 0.2500
0 1 0 0 13.9990 0.2500
0 1 0 0 23.3420 0.2500
99 0 1 0 7.2600 0.0000
99 1 0 0 15.0630 0.2500
0 0 1 0 8.8270 0.0000
99 0 1 0 9.4700 0.0000
99 0 1 0 8.4960 0.0000
99 0 1 0 8.7100 0.0000
99 0 1 0 8.3060 0.0000
99 0 1 0 15.7900 0.0000
99 0 1 0 17.6930 0.0000
99 0 1 0 14.0280 0.0000
199 0 1 0 33.8670 0.0000
199 1 0 0 13.5240 0.2500
199 0 1 0 9.0440 0.0000
199 1 0 0 18.7470 0.2500
199 1 0 0 16.6440 0.2500
199 1 0 0 13.6420 0.2500
99 0 1 0 10.2450 0.0000
0 1 0 0 19.6790 0.2500
0 1 0 0 16.0550 0.2500
0 1 0 0 13.4130 0.2500
44 0 1 0 8.5500 0.0000
44 0 1 0 51.6730 0.0000
4 0 1 0 8.6300 0.0000
4 1 0 0 15.8450 0.2500
4 1 0 0 14.4100 0.2500
1 1 0 0 22.1410 0.2500
1 1 0 0 16.8540 0.2500
2 0 1 0 8.7690 0.0000
2 0 1 0 8.1670 0.0000
2 0 1 0 26.5970 0.0000
3 1 0 0 78.0870 0.1250
3 1 0 0 15.6060 0.2500
3 1 0 0 20.8260 0.2500
